43 86 1
1 2 20
1 3 20
1 4 20
2 3 10
2 6 10
2 9 35
3 6 20
3 7 30
4 3 10
4 5 10
5 6 5
5 7 10
6 9 10
7 8 5
7 9 25
8 10 10
8 11 10
9 8 5
9 11 10
10 13 20
10 14 10
10 15 10
11 23 8
12 23 15
12 15 15
12 21 15
13 17 40
13 18 40
14 15 5
14 16 10
14 17 20
15 16 10
15 12 15
16 20 15
16 22 5
17 16 10
17 20 5
17 19 5
18 17 10
18 19 10
19 17 5
19 20 5
20 22 5
21 22 10 
22 34 35
22 37 10
22 38 8
23 12 15
23 24 15
23 25 5
23 26 7
24 27 15
24 30 10
25 26 6
25 27 5
25 28 8
26 28 10
26 32 35
27 28 7
27 31 20
28 31 10
28 32 40
29 28 20
29 31 10
30 29 10
31 32 30
32 33 10
32 36 10
32 40 30
33 35 10
33 36 10
34 33 10
35 36 5
35 40 15
36 41 20
37 33 30
37 35 30
38 37 7
38 39 15
38 40 40
39 40 20
39 43 30
40 42 15
41 42 15
41 43 20
42 43 10
15
3 6 8 9 13 14 19 20 23 27 28 30 33 36 40
10
7 8 9 11 13 17 13 18 17 20 19 20 24 30 26 32 31 32 38 39
3
6 20 28
